depth	min	max	median	mean
0	602	800	688	692
1	621	807	702	705
2	632	818	716	719
3	644	831	731	732
4	651	853	744	746
5	657	877	755	759
6	676	884	768	772
7	691	893	782	785
8	702	903	796	798
9	709	915	810	811
10	717	931	823	823
11	738	944	841	841
12	756	964	859	858
13	768	987	877	876
14	778	1015	894	894
15	785	1048	910	911
16	809	1056	926	928
17	825	1066	942	944
18	839	1080	959	960
19	848	1099	975	976
20	858	1126	991	993
21	873	1134	1002	1005
22	888	1144	1015	1017
23	899	1155	1027	1028
24	911	1169	1039	1040
25	919	1187	1051	1052
26	933	1196	1062	1064
27	944	1206	1075	1075
28	955	1217	1087	1087
29	963	1228	1099	1098
30	970	1244	1111	1110
31	988	1250	1121	1121
32	1002	1258	1132	1132
33	1014	1266	1144	1143
34	1023	1277	1156	1154
35	1031	1290	1167	1165
36	1051	1296	1177	1175
37	1062	1303	1187	1186
38	1071	1310	1197	1196
39	1082	1319	1208	1206
40	1089	1334	1218	1217
41	1106	1343	1228	1227
42	1116	1353	1239	1238
43	1126	1363	1250	1248
44	1137	1378	1259	1259
45	1141	1395	1269	1269
46	1157	1402	1279	1280
47	1168	1410	1290	1290
48	1177	1424	1300	1300
49	1186	1438	1311	1311
50	1193	1450	1321	1321
51	1209	1458	1331	1332
52	1222	1468	1341	1342
53	1232	1478	1352	1353
54	1240	1490	1363	1363
55	1247	1507	1373	1374
56	1263	1513	1383	1384
57	1276	1520	1393	1395
58	1290	1529	1404	1405
59	1299	1536	1415	1416
60	1308	1551	1426	1427
61	1323	1561	1438	1440
62	1338	1573	1452	1453
63	1347	1588	1466	1466
64	1356	1609	1479	1479
65	1361	1631	1493	1492
66	1378	1642	1504	1504
67	1389	1655	1515	1516
68	1400	1669	1527	1528
69	1407	1685	1539	1540
70	1414	1702	1550	1552
71	1431	1711	1563	1564
72	1445	1722	1575	1577
73	1455	1735	1587	1589
74	1466	1750	1598	1601
75	1474	1769	1609	1613
76	1494	1779	1621	1625
77	1509	1785	1633	1637
78	1524	1797	1645	1649
79	1535	1809	1657	1661
80	1542	1824	1669	1672
81	1560	1836	1683	1687
82	1576	1850	1698	1702
83	1587	1867	1714	1717
84	1595	1889	1729	1732
85	1600	1914	1742	1747
86	1622	1924	1759	1763
87	1639	1938	1775	1779
88	1651	1953	1792	1794
89	1659	1973	1809	1810
90	1667	1993	1824	1826
91	1686	2002	1840	1841
92	1704	2014	1856	1856
93	1716	2031	1872	1871
94	1726	2048	1887	1886
95	1735	2069	1901	1901
96	1759	2077	1915	1915
97	1778	2085	1930	1930
98	1795	2095	1944	1944
99	1807	2106	1960	1959
100	1819	2122	1975	1973
101	1838	2130	1990	1988
102	1854	2140	2004	2003
103	1869	2153	2019	2018
104	1881	2172	2034	2033
105	1890	2195	2048	2048
106	1907	2204	2061	2061
107	1920	2213	2073	2073
108	1932	2223	2086	2085
109	1943	2237	2098	2097
110	1953	2254	2110	2109
111	1970	2261	2123	2122
112	1985	2272	2136	2135
113	2001	2286	2149	2147
114	2010	2299	2162	2160
115	2020	2320	2174	2173
116	2041	2326	2187	2185
117	2058	2334	2199	2198
118	2073	2343	2212	2210
119	2086	2355	2225	2222
120	2094	2371	2238	2235
121	2111	2377	2249	2247
122	2124	2386	2261	2259
123	2136	2398	2274	2271
124	2145	2413	2286	2283
125	2152	2434	2298	2295
126	2165	2440	2308	2305
127	2176	2451	2318	2316
128	2187	2462	2328	2327
129	2193	2473	2339	2337
130	2201	2493	2348	2348
131	2221	2500	2360	2359
132	2237	2509	2371	2371
133	2248	2520	2383	2382
134	2260	2535	2394	2394
135	2268	2553	2404	2405
136	2289	2559	2415	2417
137	2305	2568	2426	2428
138	2318	2580	2437	2439
139	2330	2593	2448	2450
140	2337	2606	2459	2462
141	2353	2614	2473	2474
142	2364	2621	2486	2486
143	2374	2632	2499	2499
144	2380	2644	2511	2511
145	2388	2661	2523	2524
146	2405	2671	2535	2536
147	2422	2678	2548	2548
148	2432	2688	2561	2561
149	2442	2701	2573	2573
150	2450	2718	2586	2585
151	2467	2726	2598	2597
152	2484	2734	2611	2609
153	2496	2743	2623	2621
154	2506	2754	2635	2633
155	2513	2770	2647	2645
156	2530	2782	2660	2659
157	2540	2794	2675	2673
158	2550	2812	2688	2687
159	2559	2833	2703	2701
160	2566	2858	2716	2714
161	2591	2866	2727	2728
162	2611	2875	2741	2741
163	2629	2886	2752	2755
164	2639	2902	2766	2768
165	2649	2923	2778	2782
166	2666	2930	2789	2792
167	2679	2940	2798	2803
168	2689	2951	2809	2814
169	2697	2969	2820	2824
170	2705	2987	2830	2835
171	2717	2995	2839	2844
172	2728	3004	2848	2852
173	2736	3012	2856	2861
174	2742	3022	2865	2870
175	2748	3035	2874	2879
176	2759	3047	2886	2890
177	2768	3064	2897	2902
178	2776	3081	2908	2914
179	2783	3106	2920	2926
180	2790	3133	2929	2937
181	2794	3162	2940	2949
182	2797	3197	2949	2961
182.5	2798	3214	2953	2967
182.50002	6353	7294	6842	6833
183	6377	7299	6850	6842
184	6418	7310	6869	6861
185	6449	7320	6889	6880
186	6483	7326	6907	6899
187	6505	7338	6926	6917
188	6530	7348	6941	6936
189	6546	7361	6960	6955
190	6556	7374	6980	6974
191	6597	7402	7019	7009
192	6633	7432	7053	7045
193	6660	7475	7085	7080
194	6684	7527	7118	7116
195	6708	7590	7152	7151
196	6756	7608	7190	7187
197	6798	7627	7230	7223
198	6830	7661	7269	7260
199	6855	7694	7307	7296
200	6876	7747	7341	7332
201	6919	7762	7382	7370
202	6952	7784	7422	7408
203	6984	7804	7461	7446
204	7023	7832	7500	7484
205	7044	7873	7538	7522
206	7105	7888	7578	7561
207	7151	7906	7618	7601
208	7192	7923	7664	7640
209	7240	7947	7705	7679
210	7284	7981	7746	7718
211	7326	8011	7779	7751
212	7362	8055	7814	7784
213	7391	8104	7844	7817
214	7408	8163	7873	7849
215	7420	8232	7900	7882
216	7468	8256	7925	7911
217	7512	8276	7956	7940
218	7544	8302	7984	7968
219	7569	8332	8014	7997
220	7595	8367	8042	8026
221	7615	8386	8075	8058
222	7639	8405	8109	8089
223	7666	8428	8146	8121
224	7686	8456	8180	8153
225	7708	8495	8214	8185
226	7761	8511	8245	8217
227	7809	8527	8278	8248
228	7843	8545	8310	8279
229	7882	8569	8345	8311
230	7905	8603	8375	8342
231	7936	8623	8399	8365
232	7957	8650	8422	8389
233	7974	8683	8444	8412
234	7998	8723	8465	8436
235	8023	8769	8485	8460
236	8054	8784	8510	8482
237	8075	8800	8533	8505
238	8098	8821	8554	8527
239	8118	8846	8576	8550
240	8136	8874	8596	8572
241	8160	8891	8617	8592
242	8178	8907	8637	8612
243	8197	8927	8656	8632
244	8213	8949	8675	8653
245	8221	8977	8695	8673
246	8273	8987	8719	8697
247	8313	9005	8744	8721
248	8353	9023	8770	8746
249	8381	9050	8796	8770
250	8406	9076	8820	8795
251	8430	9095	8846	8821
252	8447	9123	8873	8847
253	8464	9160	8897	8874
254	8482	9206	8921	8900
255	8497	9258	8944	8926
256	8532	9280	8975	8955
257	8567	9303	9004	8984
258	8602	9332	9031	9013
259	8626	9371	9059	9043
260	8645	9419	9085	9072
261	8676	9435	9112	9098
262	8708	9451	9139	9124
263	8734	9472	9168	9150
264	8751	9495	9193	9176
265	8769	9532	9218	9202
266	8815	9547	9251	9234
267	8856	9569	9287	9266
268	8898	9589	9322	9298
269	8927	9629	9356	9330
270	8956	9668	9388	9362
271	8988	9695	9421	9393
272	9020	9726	9450	9425
273	9041	9773	9480	9457
274	9068	9825	9508	9489
275	9084	9890	9536	9521
276	9116	9913	9569	9552
277	9146	9931	9601	9583
278	9175	9959	9633	9614
279	9198	9993	9662	9646
280	9226	10036	9691	9677
281	9267	10055	9727	9710
282	9302	10075	9763	9743
283	9337	10098	9797	9776
284	9364	10124	9831	9808
285	9392	10163	9861	9841
286	9433	10182	9893	9871
287	9468	10201	9926	9902
288	9492	10233	9958	9932
289	9532	10262	9991	9962
290	9558	10297	10021	9992
291	9596	10323	10057	10027
292	9627	10357	10090	10062
293	9656	10409	10122	10098
294	9678	10474	10151	10133
295	9697	10538	10181	10168
296	9745	10561	10216	10202
297	9794	10598	10253	10236
298	9826	10635	10287	10270
299	9855	10679	10320	10304
300	9887	10726	10355	10338
301	9934	10747	10387	10373
302	9968	10767	10423	10408
303	9996	10790	10460	10444
304	10028	10820	10495	10479
305	10054	10851	10534	10514
306	10116	10872	10571	10552
307	10173	10896	10614	10589
308	10207	10923	10651	10627
309	10248	10957	10689	10665
310	10276	11003	10727	10702
311	10316	11019	10755	10730
312	10343	11033	10783	10757
313	10361	11054	10811	10784
314	10383	11078	10841	10812
315	10401	11106	10867	10839
316	10449	11121	10902	10870
317	10486	11143	10934	10901
318	10515	11171	10966	10933
319	10546	11216	10998	10964
320	10581	11273	11023	10995
321	10620	11295	11054	11025
322	10650	11326	11084	11055
323	10680	11369	11112	11086
324	10704	11415	11140	11116
325	10727	11465	11166	11146
326	10772	11478	11199	11177
327	10822	11501	11234	11208
328	10856	11527	11265	11240
329	10885	11555	11297	11271
330	10911	11592	11327	11302
331	10953	11612	11368	11340
332	10989	11643	11407	11378
333	11011	11680	11446	11416
334	11028	11723	11483	11453
335	11037	11776	11518	11491
336	11090	11794	11550	11522
337	11124	11814	11583	11552
338	11157	11839	11613	11583
339	11178	11871	11643	11613
340	11214	11912	11671	11644
341	11255	11931	11701	11672
342	11283	11953	11732	11700
343	11304	11981	11761	11728
344	11329	12024	11786	11757
345	11360	12070	11812	11785
346	11410	12089	11848	11819
347	11460	12117	11880	11853
348	11491	12149	11913	11887
349	11522	12192	11944	11921
350	11539	12250	11975	11955
351	11565	12264	12002	11980
352	11598	12280	12029	12006
353	11618	12297	12055	12032
354	11640	12321	12083	12058
355	11671	12354	12107	12084
356	11691	12365	12129	12106
357	11715	12380	12154	12128
358	11742	12398	12179	12150
359	11766	12421	12200	12172
360	11790	12458	12219	12194
361	11819	12468	12242	12214
362	11836	12481	12265	12235
363	11845	12499	12287	12255
364	11851	12518	12307	12275
365	11862	12545	12328	12296
366	11891	12554	12348	12315
367	11932	12567	12366	12335
368	11959	12589	12386	12354
369	11980	12614	12405	12374
370	11995	12645	12422	12393
371	12024	12656	12446	12414
372	12054	12672	12468	12434
373	12082	12691	12488	12455
374	12099	12713	12510	12476
375	12109	12744	12529	12496
376	12137	12756	12552	12518
377	12155	12775	12575	12539
378	12174	12796	12597	12560
379	12187	12821	12619	12582
380	12198	12857	12637	12603
381	12247	12869	12664	12630
382	12285	12888	12693	12657
383	12316	12910	12716	12683
384	12349	12938	12740	12710
385	12365	12978	12766	12737
386	12411	12997	12802	12770
387	12437	13022	12838	12804
388	12460	13053	12873	12837
389	12478	13094	12906	12870
390	12496	13145	12936	12904
391	12538	13170	12972	12938
392	12564	13200	13007	12972
393	12585	13240	13039	13007
394	12616	13291	13071	13041
395	12642	13344	13101	13075
396	12713	13366	13139	13112
397	12762	13396	13176	13148
398	12816	13426	13214	13185
399	12850	13480	13249	13221
400	12874	13542	13283	13258
401	12911	13563	13316	13288
402	12939	13590	13345	13318
403	12953	13620	13375	13348
404	12975	13650	13402	13378
405	12996	13698	13429	13408
406	13039	13720	13473	13448
407	13070	13750	13516	13488
408	13108	13799	13558	13528
409	13131	13863	13596	13568
410	13152	13940	13630	13608
411	13210	13963	13674	13649
412	13265	13990	13716	13690
413	13311	14024	13755	13731
414	13355	14074	13793	13771
415	13396	14131	13829	13812
416	13434	14151	13867	13846
417	13463	14168	13905	13880
418	13488	14198	13944	13915
419	13515	14235	13976	13949
420	13533	14289	14009	13983
421	13578	14311	14040	14012
422	13629	14331	14068	14041
423	13672	14359	14098	14070
424	13708	14398	14125	14099
425	13728	14443	14151	14128
426	13769	14456	14182	14158
427	13808	14473	14211	14188
428	13835	14496	14242	14218
429	13860	14528	14270	14248
430	13882	14570	14299	14278
431	13922	14587	14334	14310
432	13954	14604	14368	14342
433	13973	14630	14401	14373
434	14005	14660	14434	14405
435	14038	14698	14463	14437
436	14061	14711	14485	14457
437	14086	14725	14505	14477
437.00002	14086	14725	14505	14477
438	14086	14725	14505	14477
439	14086	14725	14505	14477
440	14086	14725	14505	14477
441	14086	14725	14505	14477
442	14086	14725	14505	14477
443	14086	14725	14505	14477
444	14086	14725	14505	14477
445	14086	14725	14505	14477
446	14086	14725	14505	14477
447	14086	14725	14505	14477
448	14086	14725	14505	14477
449	14086	14725	14505	14477
450	14086	14725	14505	14477
451	14086	14725	14505	14477
452	14086	14725	14505	14477
453	14086	14725	14505	14477
454	14086	14725	14505	14477
455	14086	14725	14505	14477
456	14086	14725	14505	14477
456.00002	14086	14725	14505	14477
457	14105	14749	14524	14497
458	14124	14772	14543	14517
459	14141	14804	14563	14537
460	14159	14813	14581	14554
461	14177	14826	14597	14572
462	14187	14840	14616	14589
463	14204	14859	14633	14607
464	14214	14884	14650	14624
465	14230	14894	14665	14639
466	14249	14904	14679	14653
467	14266	14918	14695	14668
468	14276	14934	14709	14682
469	14286	14953	14725	14697
470	14301	14960	14737	14709
471	14320	14969	14748	14721
472	14340	14980	14760	14733
473	14352	14995	14772	14745
474	14358	15009	14784	14757
475	14377	15021	14802	14774
476	14404	15034	14819	14790
477	14423	15053	14835	14807
478	14450	15073	14851	14823
479	14457	15099	14867	14840
480	14478	15111	14886	14858
481	14496	15125	14905	14877
482	14507	15143	14923	14895
483	14518	15167	14942	14914
484	14534	15192	14959	14932
485	14544	15208	14977	14950
486	14562	15223	14995	14968
487	14581	15242	15012	14986
488	14595	15263	15029	15004
489	14611	15289	15048	15022
490	14634	15301	15063	15038
491	14652	15319	15079	15054
492	14672	15336	15098	15070
493	14688	15355	15114	15086
494	14703	15376	15128	15101
495	14727	15394	15149	15123
496	14743	15414	15171	15144
497	14765	15431	15190	15165
498	14787	15460	15210	15186
499	14806	15490	15230	15207
500	14827	15507	15254	15229
501	14841	15524	15276	15251
502	14860	15548	15296	15272
503	14874	15574	15319	15294
504	14889	15608	15340	15316
505	14909	15620	15366	15341
506	14932	15643	15393	15366
507	14948	15667	15417	15391
508	14972	15697	15442	15416
509	14991	15736	15465	15441
510	15039	15753	15493	15467
511	15078	15772	15520	15494
512	15102	15798	15546	15520
513	15125	15829	15571	15546
514	15150	15861	15594	15572
515	15182	15877	15623	15597
516	15219	15900	15648	15622
517	15240	15923	15673	15647
518	15258	15953	15697	15673
519	15285	15986	15724	15698
520	15312	15998	15748	15721
521	15340	16013	15771	15744
522	15368	16034	15795	15767
523	15397	16056	15818	15790
524	15411	16083	15841	15813
525	15446	16097	15863	15835
526	15470	16112	15885	15856
527	15493	16133	15907	15877
528	15511	16156	15929	15898
529	15528	16178	15948	15920
530	15551	16194	15965	15938
531	15569	16208	15984	15957
532	15589	16224	16002	15975
533	15599	16245	16020	15994
534	15615	16268	16040	16012
535	15642	16283	16062	16034
536	15663	16307	16086	16056
537	15677	16330	16108	16078
538	15693	16361	16130	16101
539	15708	16398	16149	16123
540	15729	16410	16173	16145
541	15754	16426	16196	16168
542	15766	16446	16218	16190
543	15786	16473	16242	16213
544	15803	16501	16262	16236
545	15838	16516	16283	16255
546	15867	16534	16303	16274
547	15896	16553	16321	16294
548	15910	16576	16341	16313
549	15926	16604	16360	16332
550	15949	16615	16378	16351
551	15976	16628	16397	16369
552	15998	16649	16414	16388
553	16018	16672	16434	16406
554	16032	16693	16451	16425
555	16056	16705	16473	16445
556	16072	16719	16495	16465
557	16091	16740	16518	16485
558	16103	16761	16538	16504
559	16115	16792	16556	16524
560	16150	16802	16578	16546
561	16173	16818	16599	16567
562	16198	16834	16620	16589
563	16217	16856	16640	16610
564	16229	16882	16658	16631
565	16242	16899	16680	16652
566	16263	16916	16701	16672
567	16286	16940	16721	16692
568	16308	16972	16739	16712
569	16327	17009	16758	16732
570	16341	17022	16778	16751
571	16358	17040	16796	16769
572	16375	17059	16815	16787
573	16389	17081	16834	16805
574	16399	17108	16850	16823
575	16425	17131	16873	16847
576	16448	17152	16895	16870
577	16459	17183	16916	16894
578	16476	17228	16939	16918
579	16490	17270	16959	16941
580	16518	17288	16984	16966
581	16546	17305	17009	16990
582	16569	17333	17034	17014
583	16584	17366	17054	17038
584	16597	17407	17077	17062
585	16638	17422	17102	17087
586	16665	17441	17128	17112
587	16691	17466	17155	17137
588	16717	17496	17180	17162
589	16737	17535	17205	17187
590	16768	17552	17230	17211
591	16794	17572	17254	17235
592	16816	17593	17278	17259
593	16839	17621	17301	17283
594	16857	17651	17325	17308
595	16892	17666	17351	17334
596	16922	17691	17378	17360
597	16944	17716	17405	17387
598	16973	17745	17433	17413
599	16994	17780	17457	17440
600	17036	17794	17487	17467
601	17062	17814	17516	17494
602	17083	17836	17546	17521
603	17102	17863	17573	17548
604	17123	17897	17602	17576
605	17154	17915	17630	17603
606	17188	17939	17657	17631
607	17211	17965	17685	17658
608	17233	17999	17712	17686
609	17256	18043	17735	17713
610	17295	18061	17763	17741
611	17326	18078	17792	17769
612	17355	18099	17819	17797
613	17380	18126	17847	17825
614	17403	18158	17875	17854
615	17427	18179	17900	17877
616	17452	18205	17924	17901
617	17478	18233	17946	17924
618	17497	18268	17967	17948
619	17516	18307	17989	17971
620	17540	18325	18013	17994
621	17556	18348	18037	18016
622	17575	18377	18057	18039
623	17592	18408	18079	18061
624	17611	18444	18101	18084
625	17638	18464	18123	18106
626	17655	18487	18148	18129
627	17677	18509	18172	18152
628	17693	18536	18195	18174
629	17709	18570	18218	18197
630	17738	18586	18241	18221
631	17768	18602	18265	18245
632	17786	18627	18290	18268
633	17807	18649	18313	18292
634	17825	18683	18335	18316
635	17851	18701	18359	18340
636	17884	18721	18386	18364
637	17912	18737	18410	18388
638	17934	18762	18434	18413
639	17958	18788	18455	18437
640	17989	18803	18480	18459
641	18017	18817	18504	18482
642	18046	18834	18527	18505
643	18075	18857	18548	18528
644	18086	18883	18572	18550
645	18117	18897	18594	18573
646	18145	18910	18620	18595
647	18167	18926	18645	18617
648	18183	18949	18666	18640
649	18206	18974	18689	18662
650	18229	18986	18703	18677
651	18247	18994	18721	18693
652	18261	19008	18734	18708
653	18276	19026	18748	18724
654	18298	19048	18764	18740
655	18308	19058	18777	18753
656	18317	19073	18790	18767
657	18328	19089	18804	18781
658	18338	19107	18817	18795
659	18350	19126	18829	18809
660	18375	19137	18843	18823
661	18389	19149	18858	18837
662	18411	19165	18871	18851
663	18425	19183	18885	18865
664	18442	19197	18900	18879
665	18457	19211	18914	18893
666	18471	19223	18926	18906
667	18484	19237	18940	18920
668	18498	19249	18954	18933
669	18512	19267	18968	18947
670	18530	19277	18981	18960
671	18547	19286	18993	18973
672	18560	19302	19005	18986
673	18568	19320	19017	18999
674	18577	19334	19030	19012
675	18597	19344	19044	19026
676	18612	19356	19058	19040
677	18625	19373	19072	19053
678	18632	19386	19086	19067
679	18651	19404	19100	19080
680	18669	19418	19115	19097
681	18694	19437	19131	19113
682	18710	19458	19145	19129
683	18722	19482	19160	19146
684	18733	19508	19175	19162
685	18748	19528	19192	19179
686	18764	19552	19209	19195
687	18776	19574	19225	19212
688	18794	19602	19242	19228
689	18802	19632	19255	19245
690	18824	19648	19273	19263
691	18837	19664	19290	19281
692	18857	19687	19310	19299
693	18875	19711	19326	19317
694	18887	19738	19343	19335
695	18901	19753	19363	19353
696	18918	19773	19380	19372
697	18934	19796	19398	19390
698	18949	19822	19415	19408
699	18959	19853	19432	19427
700	18990	19872	19458	19454
701	19006	19897	19486	19480
702	19029	19928	19511	19507
703	19054	19970	19537	19534
704	19065	20004	19563	19560
705	19108	20021	19597	19592
706	19135	20046	19630	19625
707	19153	20081	19667	19657
708	19179	20117	19699	19689
709	19209	20168	19731	19721
710	19247	20187	19765	19754
711	19278	20213	19801	19787
712	19316	20238	19835	19820
713	19336	20267	19868	19854
714	19372	20305	19900	19887
715	19416	20323	19931	19918
716	19449	20347	19964	19948
717	19476	20367	19999	19979
718	19500	20398	20031	20010
719	19520	20432	20064	20041
720	19570	20451	20099	20074
721	19613	20471	20131	20107
722	19644	20503	20161	20140
723	19677	20535	20196	20173
724	19702	20571	20228	20207
725	19749	20599	20262	20240
726	19806	20628	20295	20273
727	19852	20663	20328	20306
728	19884	20712	20358	20339
729	19914	20767	20387	20372
730	19942	20797	20419	20404
731	19974	20827	20452	20436
732	20002	20865	20480	20467
733	20019	20906	20512	20499
734	20035	20966	20539	20531
735	20079	20984	20574	20563
736	20111	21010	20610	20595
737	20138	21041	20645	20627
738	20172	21079	20676	20658
739	20189	21124	20707	20690
740	20228	21148	20741	20722
741	20253	21169	20775	20754
742	20279	21198	20807	20786
743	20305	21231	20838	20818
744	20329	21272	20870	20850
745	20376	21294	20901	20881
746	20412	21316	20932	20913
747	20441	21341	20964	20944
748	20469	21378	20994	20975
749	20510	21411	21025	21007
750	20526	21423	21043	21026
751	20542	21439	21061	21045
752	20563	21461	21082	21064
753	20585	21480	21098	21083
754	20592	21505	21119	21102
755	20613	21519	21137	21120
756	20636	21532	21153	21138
757	20659	21547	21171	21156
758	20681	21561	21192	21174
759	20688	21580	21208	21192
760	20717	21592	21228	21211
761	20745	21604	21247	21229
762	20768	21616	21266	21247
763	20787	21637	21284	21265
764	20803	21655	21302	21283
765	20831	21662	21319	21301
766	20850	21677	21337	21319
767	20867	21695	21355	21336
768	20880	21706	21374	21354
769	20896	21723	21391	21372
770	20917	21734	21412	21391
771	20936	21747	21431	21411
772	20962	21762	21451	21430
773	20986	21780	21473	21450
774	21005	21803	21491	21469
775	21031	21819	21506	21486
776	21051	21831	21522	21503
777	21073	21851	21539	21520
778	21095	21869	21555	21536
779	21110	21893	21570	21553
780	21126	21901	21586	21569
781	21140	21913	21601	21585
782	21154	21927	21619	21602
783	21177	21940	21636	21618
784	21185	21955	21652	21634
785	21207	21967	21669	21650
786	21224	21984	21686	21667
787	21234	21996	21703	21683
788	21252	22018	21721	21700
789	21262	22042	21736	21716
790	21278	22055	21754	21733
791	21306	22068	21771	21749
792	21321	22082	21789	21766
793	21334	22097	21807	21782
794	21346	22115	21822	21798
795	21374	22125	21840	21815
796	21399	22139	21857	21832
797	21414	22151	21873	21849
798	21432	22166	21888	21865
799	21444	22191	21904	21882
800	21472	22201	21921	21899
801	21494	22214	21940	21916
802	21516	22228	21957	21934
803	21533	22245	21973	21951
804	21551	22264	21989	21968
805	21569	22279	22009	21987
806	21589	22295	22029	22006
807	21609	22315	22048	22025
808	21629	22335	22065	22044
809	21646	22362	22082	22063
810	21665	22377	22101	22082
811	21690	22394	22120	22101
812	21704	22410	22139	22120
813	21720	22430	22158	22139
814	21730	22456	22177	22158
815	21751	22469	22198	22176
816	21771	22484	22217	22195
817	21793	22501	22235	22213
818	21814	22521	22254	22232
819	21829	22543	22274	22250
820	21848	22555	22292	22270
821	21874	22568	22313	22289
822	21895	22586	22332	22308
823	21918	22609	22351	22328
824	21940	22633	22369	22347
825	21959	22643	22386	22363
826	21978	22655	22403	22379
827	21994	22672	22419	22396
828	22001	22696	22435	22412
829	22015	22717	22451	22428
830	22027	22725	22466	22443
831	22037	22739	22482	22458
832	22059	22752	22497	22473
833	22068	22768	22512	22488
834	22080	22791	22527	22503
835	22099	22800	22542	22518
836	22116	22811	22556	22533
837	22133	22826	22571	22548
838	22147	22842	22586	22563
839	22160	22860	22600	22578
840	22185	22868	22615	22593
841	22197	22883	22630	22608
842	22210	22897	22645	22623
843	22228	22912	22660	22637
844	22242	22928	22674	22652
845	22254	22939	22690	22667
846	22274	22951	22706	22681
847	22286	22962	22721	22695
848	22304	22975	22737	22710
849	22318	22989	22751	22724
850	22333	23001	22766	22737
851	22344	23010	22778	22751
852	22358	23022	22790	22764
853	22370	23037	22806	22777
854	22381	23055	22818	22790
855	22394	23067	22829	22802
856	22407	23080	22841	22814
857	22421	23095	22852	22825
858	22430	23111	22862	22837
859	22435	23128	22874	22849
860	22449	23137	22885	22861
861	22459	23147	22896	22872
862	22470	23155	22908	22884
863	22475	23170	22919	22896
864	22484	23187	22930	22907
865	22497	23197	22943	22920
866	22520	23209	22956	22932
867	22529	23226	22968	22944
868	22545	23238	22980	22957
869	22558	23258	22991	22969
870	22566	23267	23005	22983
871	22579	23278	23020	22996
872	22597	23291	23034	23010
873	22608	23310	23046	23024
874	22622	23327	23059	23037
875	22632	23339	23073	23052
876	22646	23357	23088	23066
877	22657	23375	23103	23081
878	22667	23392	23117	23095
879	22676	23409	23130	23110
880	22696	23421	23146	23124
881	22708	23439	23161	23139
882	22726	23452	23176	23153
883	22736	23469	23191	23168
884	22747	23487	23205	23182
885	22763	23497	23218	23197
886	22776	23506	23233	23212
887	22786	23520	23247	23227
888	22801	23539	23261	23242
889	22810	23560	23275	23257
890	22831	23569	23290	23272
891	22846	23580	23307	23286
892	22859	23594	23323	23301
893	22877	23610	23338	23316
894	22892	23629	23352	23331
895	22914	23643	23367	23346
896	22923	23656	23384	23360
897	22933	23670	23399	23375
898	22943	23685	23415	23390
899	22961	23706	23428	23405
900	22972	23718	23444	23419
901	23003	23727	23457	23433
902	23019	23741	23474	23448
903	23026	23760	23487	23462
904	23039	23781	23502	23477
905	23048	23795	23516	23491
906	23065	23815	23529	23505
907	23077	23836	23543	23519
908	23093	23860	23558	23533
